380
780
5
0.00117
0.00189
0.00359
0.00647
0.01214
0.01969
0.03707
0.06637
0.11541
0.18575
0.24769
0.29012
0.31228
0.3186
0.3167
0.31166
0.29821
0.27295
0.22991
0.18592
0.14494
0.10968
0.08257
0.06246
0.04776
0.03688
0.02698
0.01842
0.01221
0.0083
0.00549
0.0032
0.00146
0.00023
-0.00058
-0.00105
-0.0013
-0.00138
-0.00135
-0.00123
-0.00108
-0.00093
-0.00079
-0.00063
-0.00049
-0.00038
-0.0003
-0.00022
-0.00015
-0.00011
-0.00008
-0.00005
-0.00003
-0.00002
-0.00001
-0.00001
0
0
0
0
0
0
0
0
0
0
0
0
0
0
0
0
0
0
0
0
0
0
0
0
0
