380
780
5
-0.00001
-0.00002
-0.00004
-0.00007
-0.00014
-0.00022
-0.00041
-0.0007
-0.0011
-0.00143
-0.00119
-0.00021
0.00149
0.00379
0.00678
0.01046
0.01485
0.01977
0.02538
0.03183
0.03914
0.04713
0.05689
0.06948
0.08536
0.10593
0.1286
0.15262
0.17468
0.19113
0.20317
0.21083
0.21466
0.21487
0.21178
0.20588
0.19702
0.18522
0.17087
0.15429
0.1361
0.11686
0.09754
0.07909
0.06246
0.04776
0.03557
0.02583
0.01828
0.01253
0.00833
0.00537
0.00334
0.00199
0.00116
0.00066
0.00037
0.00021
0.00011
0.00006
0.00003
0.00001
0
0
0
0
0
0
0
0
0
0
0
0
0
0
0
0
0
0
0
