380
780
5
0.00003
0.00005
0.0001
0.00017
0.0003
0.00047
0.00084
0.00139
0.00211
0.00266
0.00218
0.00036
-0.00261
-0.00673
-0.01213
-0.01874
-0.02608
-0.03324
-0.03933
-0.04471
-0.04939
-0.05364
-0.05814
-0.06414
-0.07173
-0.0812
-0.08901
-0.09356
-0.09264
-0.08473
-0.07101
-0.05316
-0.03152
-0.00613
0.02279
0.05514
0.0906
0.1284
0.16768
0.20715
0.24526
0.27989
0.30928
0.33184
0.34429
0.34756
0.33971
0.32265
0.29708
0.26348
0.22677
0.19233
0.15968
0.12905
0.10167
0.07857
0.05932
0.04366
0.03149
0.02294
0.01687
0.01187
0.00819
0.00572
0.0041
0.00291
0.0021
0.00148
0.00105
0.00074
0.00052
0.00036
0.00025
0.00017
0.00012
0.00008
0.00006
0.00004
0.00003
0.00001
0
